YEAR,Y,W,R,L,K
1948.00000839,1.21399998665,0.243000000715,0.145400002599,1.41499996185,0.611999988556
1949.0000084000003,1.35399997234,0.25999999046300004,0.218099996448,1.38399994373,0.559000015259
1950.0,1.56900000572,0.277999997139,0.315699994564,1.38800001144,0.573000013828
1951.0,1.9479999542200002,0.29699999094,0.393999993801,1.5499999523199999,0.5640000104899999
1952.0,2.2650001049,0.310000002384,0.355899989605,1.8020000457799998,0.574000000954
1953.0,2.7309999465900003,0.321999996901,0.35929998755500003,1.92599999905,0.711000025272
1954.0,3.02500009537,0.335000008345,0.402500003576,1.96399998665,0.776000022888
1955.0,3.56200003624,0.34999999404,0.39610001444799997,2.11599993706,0.827000021935
1956.0,3.9790000915499997,0.36100000143100003,0.38220000267,2.4349999427799998,0.800000011921
1957.00036436,4.42000007629,0.379000008106,0.30450001359,2.70700001717,0.921000003815
1958.00096758,4.5630002021800005,0.391000002623,0.328399986029,2.70600008965,1.06700003147
1959.00096116,5.38500022888,0.425999999046,0.38560000062,2.8459999561299996,1.08299994469
1960.0,5.55399990082,0.441000014544,0.319299995899,3.08899998665,1.4809999465900001
1961.0,5.465000152590001,0.460000008345,0.307900011539,3.12199997902,1.73599994183
1962.0,5.8249998092699995,0.485000014305,0.378300011158,3.1840000152599996,1.92599999905
1963.0,6.87599992752,0.5059999823569999,0.418000012636,3.26300001144,2.04099988937
1964.0,7.822999954219999,0.537999987602,0.516300022602,3.41199994087,1.9969999790200001
1965.0,9.11999988556,0.5640000104899999,0.587899982929,3.6229999065400005,2.25699996948
1966.00082638,10.5120000839,0.586000025272,0.536899983883,4.07399988174,2.742000103
1967.00001699,13.0200004578,0.6219999790190001,0.44429999589900004,4.71000003815,3.5639998912800004
1968.00096202,15.260999679600001,0.666000008583,0.305200010538,5.21700000763,4.76700019836
1969.00023643,16.3129997253,0.7310000061990001,0.23319999873599997,5.5689997673,6.5110001564
1970.00003926,16.0020008087,0.8309999704359999,0.18829999864100003,5.4949998855599995,7.626999855039999
1971.00096131,15.876000404400001,0.9060000181200001,0.20229999721099998,5.33400011063,8.673000335689999
1972.0001290999996,16.6620006561,1.0,0.250600010157,5.34499979019,8.331000328060002
1973.00001162,17.013999939,1.0559999942799998,0.266799986362,5.6620001792900005,8.55700016022
1974.00096128,19.3050003052,1.1310000419600001,0.266400009394,5.72900009155,9.50800037384
1975.0,18.721000671400002,1.2469999790200001,0.230100005865,5.72200012207,9.06200027466
1976.0,19.25,1.375,0.345200002193,5.762000083919999,8.26200008392
1977.0,20.6469993591,1.54400002956,0.45080000162100003,5.876999855040001,7.473999977110001
1978.0,22.7259998322,1.70299994946,0.5877000093460001,6.10799980164,7.10400009155
1979.0,23.6189994812,1.77900004387,0.534600019455,6.85200023651,6.87400007248
